2 0 nan
2 1 nan
2 2 0
2 3 2
2 4 4
2 5 4
2 6 2
2 7 nan
2 8 nan
2 9 nan
2 10 nan
2 11 nan
2 12 nan
2 13 nan
2 14 nan
2 15 nan
2 16 nan
2 17 nan
2 18 nan
2 19 nan
2 20 nan
2 21 nan

3 0 nan
3 1 nan
3 2 0
3 3 2
3 4 4
3 5 5
3 6 3
3 7 nan
3 8 nan
3 9 nan
3 10 nan
3 11 nan
3 12 nan
3 13 nan
3 14 nan
3 15 nan
3 16 nan
3 17 nan
3 18 nan
3 19 nan
3 20 nan
3 21 nan

4 0 nan
4 1 nan
4 2 0
4 3 2
4 4 4
4 5 6
4 6 3
4 7 nan
4 8 nan
4 9 nan
4 10 nan
4 11 nan
4 12 nan
4 13 nan
4 14 nan
4 15 nan
4 16 nan
4 17 nan
4 18 nan
4 19 nan
4 20 nan
4 21 nan

5 0 nan
5 1 nan
5 2 0
5 3 2
5 4 3
5 5 5
5 6 4
5 7 0
5 8 nan
5 9 nan
5 10 nan
5 11 nan
5 12 nan
5 13 nan
5 14 nan
5 15 nan
5 16 nan
5 17 nan
5 18 nan
5 19 nan
5 20 nan
5 21 nan

6 0 nan
6 1 nan
6 2 nan
6 3 1
6 4 3
6 5 4
6 6 5
6 7 2
6 8 2
6 9 nan
6 10 nan
6 11 nan
6 12 nan
6 13 nan
6 14 nan
6 15 nan
6 16 nan
6 17 nan
6 18 nan
6 19 nan
6 20 nan
6 21 0

7 0 nan
7 1 nan
7 2 nan
7 3 nan
7 4 2
7 5 3
7 6 4
7 7 4
7 8 4
7 9 1
7 10 nan
7 11 nan
7 12 nan
7 13 nan
7 14 nan
7 15 nan
7 16 nan
7 17 nan
7 18 nan
7 19 nan
7 20 nan
7 21 1

8 0 nan
8 1 nan
8 2 nan
8 3 nan
8 4 0
8 5 2
8 6 4
8 7 6
8 8 5
8 9 3
8 10 nan
8 11 nan
8 12 nan
8 13 nan
8 14 nan
8 15 nan
8 16 nan
8 17 nan
8 18 nan
8 19 nan
8 20 0
8 21 2

9 0 nan
9 1 nan
9 2 nan
9 3 nan
9 4 nan
9 5 2
9 6 4
9 7 6
9 8 6
9 9 3
9 10 0
9 11 nan
9 12 nan
9 13 nan
9 14 nan
9 15 nan
9 16 nan
9 17 nan
9 18 nan
9 19 0
9 20 1
9 21 3

10 0 nan
10 1 nan
10 2 nan
10 3 nan
10 4 nan
10 5 1
10 6 4
10 7 6
10 8 7
10 9 5
10 10 2
10 11 0
10 12 nan
10 13 nan
10 14 nan
10 15 nan
10 16 nan
10 17 nan
10 18 0
10 19 1
10 20 2
10 21 3

11 0 nan
11 1 nan
11 2 nan
11 3 nan
11 4 nan
11 5 1
11 6 4
11 7 7
11 8 8
11 9 6
11 10 4
11 11 2
11 12 0
11 13 nan
11 14 nan
11 15 0
11 16 1
11 17 1
11 18 2
11 19 3
11 20 3
11 21 4

12 0 nan
12 1 nan
12 2 nan
12 3 nan
12 4 0
12 5 2
12 6 5
12 7 7
12 8 8
12 9 8
12 10 6
12 11 3
12 12 3
12 13 1
12 14 1
12 15 2
12 16 3
12 17 3
12 18 4
12 19 4
12 20 5
12 21 4

13 0 nan
13 1 nan
13 2 nan
13 3 0
13 4 1
13 5 4
13 6 5
13 7 7
13 8 8
13 9 9
13 10 8
13 11 6
13 12 5
13 13 4
13 14 4
13 15 3
13 16 4
13 17 5
13 18 5
13 19 5
13 20 5
13 21 4

14 0 nan
14 1 nan
14 2 nan
14 3 1
14 4 3
14 5 5
14 6 6
14 7 7
14 8 8
14 9 9
14 10 9
14 11 8
14 12 6
14 13 6
14 14 6
14 15 5
14 16 5
14 17 6
14 18 6
14 19 6
14 20 5
14 21 3

15 0 nan
15 1 nan
15 2 nan
15 3 2
15 4 4
15 5 6
15 6 7
15 7 8
15 8 8
15 9 10
15 10 9
15 11 9
15 12 8
15 13 7
15 14 7
15 15 6
15 16 6
15 17 7
15 18 7
15 19 6
15 20 4
15 21 2

16 0 nan
16 1 nan
16 2 nan
16 3 3
16 4 3
16 5 5
16 6 7
16 7 8
16 8 9
16 9 13
16 10 10
16 11 9
16 12 9
16 13 8
16 14 8
16 15 7
16 16 7
16 17 7
16 18 7
16 19 5
16 20 3
16 21 1

17 0 nan
17 1 nan
17 2 nan
17 3 0
17 4 1
17 5 4
17 6 7
17 7 9
17 8 9
17 9 17
17 10 16
17 11 10
17 12 9
17 13 9
17 14 9
17 15 8
17 16 8
17 17 8
17 18 6
17 19 5
17 20 3
17 21 0

18 0 nan
18 1 nan
18 2 nan
18 3 nan
18 4 1
18 5 4
18 6 6
18 7 9
18 8 9
18 9 20
18 10 22
18 11 16
18 12 10
18 13 9
18 14 9
18 15 9
18 16 8
18 17 7
18 18 5
18 19 3
18 20 1
18 21 nan

19 0 nan
19 1 nan
19 2 nan
19 3 nan
19 4 1
19 5 4
19 6 6
19 7 8
19 8 9
19 9 10
19 10 20
19 11 23
19 12 17
19 13 14
19 14 9
19 15 8
19 16 7
19 17 6
19 18 3
19 19 2
19 20 0
19 21 nan

20 0 nan
20 1 nan
20 2 nan
20 3 nan
20 4 0
20 5 2
20 6 5
20 7 8
20 8 8
20 9 9
20 10 10
20 11 26
20 12 26
20 13 26
20 14 12
20 15 8
20 16 7
20 17 4
20 18 2
20 19 1
20 20 nan
20 21 nan

21 0 nan
21 1 nan
21 2 nan
21 3 nan
21 4 nan
21 5 1
21 6 4
21 7 6
21 8 7
21 9 8
21 10 10
21 11 29
21 12 34
21 13 33
21 14 25
21 15 9
21 16 7
21 17 3
21 18 2
21 19 0
21 20 nan
21 21 nan

22 0 nan
22 1 nan
22 2 nan
22 3 nan
22 4 nan
22 5 1
22 6 3
22 7 5
22 8 7
22 9 8
22 10 9
22 11 29
22 12 36
22 13 35
22 14 24
22 15 9
22 16 6
22 17 3
22 18 1
22 19 0
22 20 nan
22 21 nan

23 0 nan
23 1 nan
23 2 nan
23 3 nan
23 4 nan
23 5 0
23 6 3
23 7 5
23 8 7
23 9 8
23 10 9
23 11 29
23 12 37
23 13 33
23 14 20
23 15 9
23 16 6
23 17 2
23 18 1
23 19 nan
23 20 nan
23 21 nan

24 0 nan
24 1 nan
24 2 nan
24 3 nan
24 4 nan
24 5 0
24 6 3
24 7 5
24 8 7
24 9 8
24 10 9
24 11 31
24 12 36
24 13 32
24 14 16
24 15 9
24 16 6
24 17 2
24 18 0
24 19 nan
24 20 nan
24 21 nan

25 0 nan
25 1 nan
25 2 nan
25 3 nan
25 4 nan
25 5 nan
25 6 1
25 7 3
25 8 7
25 9 8
25 10 9
25 11 27
25 12 30
25 13 28
25 14 15
25 15 9
25 16 6
25 17 1
25 18 0
25 19 nan
25 20 nan
25 21 nan

26 0 nan
26 1 nan
26 2 nan
26 3 nan
26 4 nan
26 5 nan
26 6 nan
26 7 2
26 8 6
26 9 8
26 10 9
26 11 18
26 12 19
26 13 21
26 14 16
26 15 9
26 16 6
26 17 3
26 18 1
26 19 nan
26 20 nan
26 21 nan

27 0 nan
27 1 nan
27 2 nan
27 3 nan
27 4 nan
27 5 nan
27 6 nan
27 7 1
27 8 4
27 9 6
27 10 7
27 11 9
27 12 11
27 13 12
27 14 11
27 15 8
27 16 6
27 17 3
27 18 1
27 19 nan
27 20 nan
27 21 nan

28 0 nan
28 1 nan
28 2 nan
28 3 nan
28 4 nan
28 5 nan
28 6 nan
28 7 0
28 8 3
28 9 4
28 10 5
28 11 9
28 12 9
28 13 9
28 14 9
28 15 8
28 16 7
28 17 4
28 18 1
28 19 nan
28 20 nan
28 21 nan

29 0 nan
29 1 nan
29 2 nan
29 3 nan
29 4 nan
29 5 nan
29 6 nan
29 7 nan
29 8 1
29 9 4
29 10 6
29 11 8
29 12 9
29 13 9
29 14 9
29 15 8
29 16 7
29 17 5
29 18 2
29 19 nan
29 20 nan
29 21 nan

30 0 nan
30 1 nan
30 2 nan
30 3 nan
30 4 nan
30 5 nan
30 6 nan
30 7 nan
30 8 2
30 9 5
30 10 7
30 11 8
30 12 8
30 13 8
30 14 8
30 15 8
30 16 7
30 17 5
30 18 2
30 19 nan
30 20 nan
30 21 nan

31 0 nan
31 1 nan
31 2 nan
31 3 nan
31 4 nan
31 5 nan
31 6 nan
31 7 nan
31 8 2
31 9 6
31 10 7
31 11 7
31 12 7
31 13 8
31 14 8
31 15 8
31 16 7
31 17 5
31 18 2
31 19 nan
31 20 nan
31 21 nan

32 0 nan
32 1 nan
32 2 nan
32 3 nan
32 4 nan
32 5 nan
32 6 nan
32 7 nan
32 8 1
32 9 6
32 10 6
32 11 6
32 12 7
32 13 7
32 14 7
32 15 7
32 16 7
32 17 5
32 18 2
32 19 nan
32 20 nan
32 21 nan

33 0 nan
33 1 nan
33 2 nan
33 3 nan
33 4 nan
33 5 nan
33 6 nan
33 7 nan
33 8 0
33 9 5
33 10 5
33 11 5
33 12 5
33 13 5
33 14 6
33 15 6
33 16 7
33 17 5
33 18 2
33 19 nan
33 20 nan
33 21 nan

34 0 nan
34 1 nan
34 2 nan
34 3 nan
34 4 nan
34 5 nan
34 6 nan
34 7 nan
34 8 nan
34 9 3
34 10 3
34 11 4
34 12 4
34 13 4
34 14 4
34 15 5
34 16 6
34 17 5
34 18 1
34 19 nan
34 20 nan
34 21 nan

35 0 nan
35 1 nan
35 2 nan
35 3 nan
35 4 nan
35 5 nan
35 6 nan
35 7 nan
35 8 nan
35 9 0
35 10 1
35 11 2
35 12 2
35 13 3
35 14 3
35 15 4
35 16 5
35 17 4
35 18 0
35 19 nan
35 20 nan
35 21 nan

36 0 nan
36 1 nan
36 2 nan
36 3 nan
36 4 nan
36 5 nan
36 6 nan
36 7 nan
36 8 nan
36 9 nan
36 10 nan
36 11 0
36 12 0
36 13 1
36 14 1
36 15 2
36 16 3
36 17 3
36 18 nan
36 19 nan
36 20 nan
36 21 nan

37 0 nan
37 1 nan
37 2 nan
37 3 nan
37 4 nan
37 5 nan
37 6 nan
37 7 nan
37 8 nan
37 9 nan
37 10 nan
37 11 nan
37 12 nan
37 13 nan
37 14 nan
37 15 0
37 16 1
37 17 2
37 18 nan
37 19 nan
37 20 nan
37 21 nan

